MAPCENTER:-37.2162,174.919
STARTFINISH1:-37.215564,174.915710,-37.215510, 174.915914
ZOOMLEVEL:15.5
KML:174.9164316100602,-37.21691903717331,0 174.9161289001252,-37.21615723899719,0 174.9157634954064,-37.21530997855007,0 174.9153585836977,-37.21411102100672,0 174.9151525559479,-37.2134908128308,0 174.9151774218673,-37.21310286947057,0 174.9152814146877,-37.21274980026701,0 174.915515295453,-37.21244484502343,0 174.9157945924694,-37.21221117450006,0 174.9162955457013,-37.2118782843117,0 174.916560554393,-37.21172799024385,0 174.9166814011498,-37.21152921877411,0 174.9167132445387,-37.21130627735801,0 174.9167957066669,-37.2110872334948,0 174.9169184491851,-37.21098056458539,0 174.917258694621,-37.21080419186971,0 174.9174042278955,-37.21076075124455,0 174.9175673600153,-37.21076777450065,0 174.9177112368046,-37.21085883079026,0 174.9178957519829,-37.2110217105771,0 174.9215327129353,-37.21461569419678,0 174.9218849210794,-37.21503910369427,0 174.9222168117524,-37.21550174989326,0 174.9225216433006,-37.21602449512839,0 174.9227235175652,-37.21641894663104,0 174.9227670673594,-37.21655451199491,0 174.9229968708469,-37.21732118436796,0 174.9230185317752,-37.21743547732338,0 174.9229136325142,-37.21752883152767,0 174.9223755356453,-37.21776054492732,0 174.9222713594158,-37.21785342149816,0 174.9222837231082,-37.21802789203207,0 174.9224711375986,-37.21823548261395,0 174.9233266154611,-37.21895240208084,0 174.9235024669524,-37.21913409102218,0 174.9235508711264,-37.21928493254379,0 174.9236058602493,-37.2194566835327,0 174.923725490313,-37.22010300930668,0 174.9236601461455,-37.22030842952022,0 174.9235436049973,-37.22035474368704,0 174.9233493301373,-37.22029485990461,0 174.9218536822078,-37.21901809669441,0 174.9217035738245,-37.21896845395909,0 174.9201575397128,-37.21862813252074,0 174.9199972015861,-37.21863834827993,0 174.9198301525265,-37.21867349486156,0 174.9196630394067,-37.2187086573419,0 174.9191756312699,-37.21881121200612,0 174.918844803903,-37.21884554057317,0 174.9185230146993,-37.21886625405333,0 174.9181984145027,-37.21884047314285,0 174.9179687251088,-37.21874739822272,0 174.9177140331442,-37.21858825534314,0 174.9173901508534,-37.21832410449664,0 174.916868605051,-37.2175823476034,0 174.9167531221822,-37.2174373286419,0 174.9164316100602,-37.21691903717331,0 
