MAPCENTER:42.903429, -79.856218
STARTFINISH1:42.901599, -79.857441,42.901655, -79.857198
ZOOMLEVEL:16.1
KML:-79.85733198644793,42.90161996033908,0 -79.85899038118093,42.90506512800273,0 -79.85901815287309,42.90520574976952,0 -79.85900429195462,42.90526822788235,0 -79.85896541057906,42.90533959057163,0 -79.85891589421581,42.90539032316973,0 -79.8588459894091,42.90544988933232,0 -79.85870982092889,42.90550127429474,0 -79.85857298373188,42.90553570046838,0 -79.85843560378181,42.90557026323767,0 -79.85830825688817,42.90558759682182,0 -79.85815577307766,42.905587597952,0 -79.85341769208721,42.90485819101201,0 -79.85326103213679,42.90477091895058,0 -79.8531570147223,42.90463213535666,0 -79.85312213146391,42.90446868318259,0 -79.8531223833255,42.90423044786492,0 -79.85314807847243,42.90402870306518,0 -79.85327510040455,42.90390374864871,0 -79.85348514071255,42.90383745809621,0 -79.85366751628611,42.90387057854182,0 -79.8538435535864,42.90394531365531,0 -79.85407576441889,42.90408448554293,0 -79.854268025228,42.90419129736593,0 -79.85449576843907,42.90429221755608,0 -79.85464208158139,42.9043138034441,0 -79.8548164708001,42.90424959486924,0 -79.8550312533114,42.90407889810768,0 -79.85526222375664,42.90402589462029,0 -79.85555207350478,42.90406441323061,0 -79.85567686633068,42.90415198682544,0 -79.85578539030067,42.90423801248525,0 -79.85589043703172,42.90432491789016,0 -79.85603852868557,42.90440169213429,0 -79.8572474889075,42.90498257515871,0 -79.85732443984067,42.9050061574789,0 -79.85740117691324,42.90501797174341,0 -79.85751161396992,42.90503374855166,0 -79.85763429108287,42.90500222131056,0 -79.85769383276698,42.90495514029129,0 -79.85772976444512,42.9049160960629,0 -79.85777390539812,42.90485785180977,0 -79.85778746647402,42.90476545436753,0 -79.85680100203068,42.90313630247869,0 -79.85677112738311,42.9031017189763,0 -79.85673285372607,42.90307978975859,0 -79.85669464085187,42.90306728568986,0 -79.8566479718579,42.90305792082318,0 -79.85658876941817,42.90303611249268,0 -79.85653405803855,42.90300816124127,0 -79.85652987203882,42.90300506153709,0 -79.85648022434343,42.90294332452727,0 -79.85641451425491,42.90286682937398,0 -79.85632256400442,42.90271008203075,0 -79.85627606584755,42.90260633728168,0 -79.85621379506337,42.90250397434481,0 -79.85615129381139,42.90242881235467,0 -79.85609561124147,42.90239723491499,0 -79.85602727548491,42.90238006577165,0 -79.85592175199017,42.90237720746568,0 -79.85570414485274,42.90240869946114,0 -79.85554707651147,42.90243744312091,0 -79.85520657164045,42.90249525676739,0 -79.85504519711294,42.90250977777871,0 -79.85494340308951,42.90250396396985,0 -79.85483058717466,42.90246660114122,0 -79.85476584193873,42.90238743101065,0 -79.8547574692651,42.9022605901411,0 -79.85490241799083,42.90209345165662,0 -79.85532516551676,42.90182595198733,0 -79.85574336374512,42.90152095567849,0 -79.85590260773667,42.90140317019882,0 -79.85597232381714,42.90132417093394,0 -79.85600845872092,42.90122386653351,0 -79.8560044166492,42.90110316546241,0 -79.85599106221841,42.90090472698036,0 -79.8559857401564,42.90075305869373,0 -79.85597201856734,42.90066057455929,0 -79.85598821273354,42.90055423749024,0 -79.85605726625766,42.90050418068677,0 -79.85615702372593,42.9004743236483,0 -79.85629711363562,42.90044459908457,0 -79.85644897055371,42.90042485527608,0 -79.85654396674147,42.9004248547806,0 -79.85662539196913,42.90042485460472,0 -79.85670582888547,42.90043471882748,0 -79.85680899789082,42.9004942118066,0 -79.85681536220824,42.90049919326576,0 -79.85686292670003,42.90057940229335,0 -79.85733198644793,42.90161996033908,0
