MAPCENTER:36.150690, 139.921229
STARTFINISH1:36.150183, 139.919411,36.150138, 139.919647
ZOOMLEVEL:16
KML:139.9193029020357,36.14929023243477,0 139.9200238295913,36.1519553994313,0 139.9200549060803,36.152033395015,0 139.9201011481005,36.15209246819187,0 139.9201668032898,36.15214217348612,0 139.9202451601489,36.15217636356246,0 139.9203160270242,36.15220431962111,0 139.9204126158396,36.1522258002073,0 139.9204913399077,36.15222073826931,0 139.9205771523058,36.15220394803146,0 139.9206584255305,36.15216902536939,0 139.9207205381413,36.15211911268666,0 139.9207661240917,36.15205239383383,0 139.9208048916269,36.15196352741705,0 139.9208056320433,36.15185755011662,0 139.9207855697211,36.1517729176335,0 139.920368061163,36.15074553780365,0 139.9203271695926,36.15062266754366,0 139.920315533254,36.1505056156455,0 139.9203192597415,36.15039962305355,0 139.9203405405129,36.15022753481028,0 139.9203768204401,36.14997868773372,0 139.9203845038863,36.14989194391903,0 139.9203766666857,36.14983535861627,0 139.9203631593475,36.14977681456063,0 139.9201137785747,36.14929466344015,0 139.9200887462795,36.14922718159183,0 139.9200762803563,36.14917720834263,0 139.9200811420633,36.14911035659854,0 139.9201057358897,36.14905810903488,0 139.9201507014112,36.14900644674804,0 139.9202122168843,36.14896982213449,0 139.9202873468243,36.1489526731829,0 139.9203744657899,36.14894413557874,0 139.9204407875225,36.1489478302374,0 139.9205122421756,36.14896367986833,0 139.9205533022709,36.14898439210399,0 139.9206026744255,36.14902252198255,0 139.9206484407151,36.14909469102864,0 139.9206661854284,36.14916455019229,0 139.9208910026671,36.15035108969971,0 139.9209303332644,36.1504226261445,0 139.920975698503,36.15047327106794,0 139.9210520979953,36.15053307275235,0 139.9211235009373,36.1505588011763,0 139.9212113444956,36.15058006650167,0 139.9213606657778,36.15058395085244,0 139.921568569982,36.15058045819625,0 139.9218595122,36.15058494545536,0 139.9220359679937,36.15058596548246,0 139.9222167222539,36.15060205929394,0 139.9224145122148,36.15063865629498,0 139.9225271382773,36.15068539863161,0 139.9227129045319,36.15081704370195,0 139.9228890577914,36.15099169895741,0 139.9232708778245,36.15140361343629,0 139.9233790532105,36.15153866239098,0 139.9234558830861,36.15165156011209,0 139.9235071162502,36.15175350465486,0 139.9237361347443,36.15241461293056,0 139.9237790675486,36.1524830020807,0 139.923828397201,36.15252637002535,0 139.9238965885075,36.15255652300429,0 139.9239661221123,36.15256953181498,0 139.9240284554644,36.15256609309714,0 139.9240955429559,36.15255478519338,0 139.9241583660706,36.15253143160005,0 139.9242180051632,36.15248333629773,0 139.9242500033071,36.15244029685206,0 139.9242700824633,36.15239321404497,0 139.9242788007524,36.15234087540539,0 139.9242751840853,36.15227975871876,0 139.9242626330123,36.15221656988677,0 139.9242368288769,36.15216119344794,0 139.92419550733,36.15209052136843,0 139.9211519461395,36.14869543588348,0 139.9210832944996,36.14863049012615,0 139.9209877035274,36.1485627560189,0 139.9208975215993,36.1485234796432,0 139.9208157895794,36.14849354763209,0 139.9207196164801,36.14846095063356,0 139.9206049688731,36.14843251435781,0 139.9204903310011,36.1484109993449,0 139.9203411026351,36.14840327988042,0 139.9202102270405,36.14840979952153,0 139.9200810128302,36.14842898012392,0 139.9199747014114,36.14845255451772,0 139.9198748401022,36.14848491286101,0 139.9197764263841,36.14852697911816,0 139.9196668617131,36.14858280531471,0 139.9195708095095,36.14866168941965,0 139.9194906913591,36.14874012388741,0 139.9194091797615,36.14884613277155,0 139.9193641950935,36.1489219466554,0 139.9193234113198,36.14904019600408,0 139.919311378028,36.14913494990124,0 139.9193029020357,36.14929023243477,0
