MAPCENTER:-27.576282, 153.0006186
STARTFINISH1:-27.576135, 152.999983,-27.576072, 153.000083
ZOOMLEVEL:18.6
KML:153.0003996792993,-27.57636460036056,0 153.0003897573709,-27.57635477459052,0 153.0003368224401,-27.57630085857278,0 153.0003341586817,-27.5762983509159,0 153.0002740407284,-27.57623333524971,0 153.0002226783116,-27.57619507269148,0 153.0001796321236,-27.57616662990394,0 153.0001172311191,-27.57614723578935,0 153.000057780229,-27.57612521342642,0 153.0000097171517,-27.57609593307868,0 152.9999744770815,-27.57605008391678,0 152.9999508908123,-27.57598365523425,0 152.9999531740993,-27.57593790329251,0 152.9999836706656,-27.57591710051764,0 153.0000293899642,-27.57590779680561,0 153.0000860006205,-27.57591136275575,0 153.0001468387603,-27.57592797432052,0 153.0002302370634,-27.57594886159456,0 153.0002914897811,-27.57596701264258,0 153.0003218125177,-27.57598906958609,0 153.0003238815711,-27.57599180675346,0 153.0003555634255,-27.57603466002417,0 153.0003609619268,-27.57603864111029,0 153.0003880396525,-27.57607827699813,0 153.0004212724441,-27.576103396545,0 153.00051589092,-27.57611831911217,0 153.0006368644271,-27.57610629297204,0 153.0007155273487,-27.57609485292548,0 153.00082414052,-27.57609337929879,0 153.0008617835644,-27.57611851555074,0 153.000870790511,-27.57613684808156,0 153.0008676104172,-27.57616873955313,0 153.0008547090029,-27.57619823455774,0 153.0008235917566,-27.57624172123645,0 153.0007969565187,-27.57627960441521,0 153.0007774070448,-27.57631355869683,0 153.0007860199574,-27.57635276679655,0 153.0008116023257,-27.57637215613402,0 153.0008146614293,-27.5763731012474,0 153.0008428913954,-27.57638886006177,0 153.0008461244233,-27.57639160086558,0 153.0008670265199,-27.57640500271348,0 153.0008710469586,-27.57640625348888,0 153.0009217724053,-27.57642886094341,0 153.0009248874505,-27.57643152998685,0 153.0009520777454,-27.57643760912656,0 153.0009784496047,-27.57640646287123,0 153.0009834514235,-27.57640259369657,0 153.0010196195626,-27.57635882640276,0 153.0010259998688,-27.57635109681295,0 153.0010292171459,-27.57634817986467,0 153.0010687067254,-27.5762986389219,0 153.001111733397,-27.57626317088355,0 153.0011458414577,-27.57626405230222,0 153.0011700213208,-27.576271556475,0 153.0011853769885,-27.5762946521487,0 153.0011876904819,-27.57629532377413,0 153.0011966941789,-27.57634548916335,0 153.0011759883424,-27.57640935215137,0 153.0011451302243,-27.5764716485824,0 153.0010597645607,-27.57656895058371,0 153.0010171939192,-27.57660185807689,0 153.0009610286894,-27.57662535205198,0 153.0008819116855,-27.57665914870629,0 153.0008143801034,-27.57667065730828,0 153.0007373176548,-27.57668692247733,0 153.0006896699495,-27.57667842929949,0 153.000656557229,-27.57666217738004,0 153.0006320830217,-27.57663450125244,0 153.0006015487693,-27.57660073182491,0 153.0003996792993,-27.57636460036056,0