MAPCENTER:-31.664326, 115.789962
STARTFINISH1:-31.664168,115.786292,-31.664171,115.786459
ZOOMLEVEL:15.5
KML:115.7863375532996,-31.66598374038441,0 115.7864062844149,-31.66244304447361,0 115.7864263562985,-31.66226190575514,0 115.786487075627,-31.66214981272895,0 115.7866083820819,-31.66201168672071,0 115.7867302018133,-31.6619260738402,0 115.786892252187,-31.66187447810751,0 115.7870642693281,-31.66187438730132,0 115.7871958105718,-31.66190874579541,0 115.7873273543483,-31.66197765235046,0 115.7874490393888,-31.66208142041524,0 115.7875299934147,-31.66220198923045,0 115.7876009946858,-31.662383230531,0 115.787641113136,-31.66258047943638,0 115.7876612387758,-31.66273551787062,0 115.7876913849441,-31.66288144819592,0 115.7877418930206,-31.66307083282742,0 115.787921480883,-31.66332109204444,0 115.7879901454919,-31.66339738227885,0 115.7880776225889,-31.6635640667882,0 115.7881276675771,-31.66368730205388,0 115.7881713506941,-31.66384596473061,0 115.7881841810434,-31.6639513684686,0 115.7881971813061,-31.66407769806088,0 115.7881916636313,-31.66417685557145,0 115.7881740972928,-31.6642911221942,0 115.7881385748747,-31.66443074219416,0 115.7880910506974,-31.66456466253655,0 115.7880617476523,-31.664698160647,0 115.788056458764,-31.66481592574612,0 115.7880697875191,-31.66498947039823,0 115.7881185913965,-31.66512158936037,0 115.7882152045025,-31.66527326687063,0 115.7883587175496,-31.66539382800957,0 115.7884893771511,-31.66545396351691,0 115.7886434073209,-31.66551375751904,0 115.7888324133361,-31.66553835040424,0 115.7889855998705,-31.66552297937658,0 115.7892272260664,-31.66546279536173,0 115.7893632238169,-31.66538787387204,0 115.7895466309422,-31.6652578586864,0 115.7896237325481,-31.66518279272128,0 115.7898912549252,-31.66493217595757,0 115.7900105994454,-31.66484671139824,0 115.7901405065308,-31.66479162855734,0 115.7902290431205,-31.66477163397686,0 115.7903767555337,-31.66475163037588,0 115.7906194170587,-31.6647415805441,0 115.7908856642749,-31.66475661261643,0 115.7935998705212,-31.66497153964514,0 115.7938746825462,-31.66499899249939,0 115.7940897955145,-31.66504980051068,0 115.7942789790085,-31.66512489909242,0 115.7944289142313,-31.66521879396064,0 115.7945401809249,-31.6653130478937,0 115.7946096269426,-31.66543508836237,0 115.7946363269712,-31.6655378441433,0 115.7946225309965,-31.66569561346641,0 115.7945536888407,-31.66588827901675,0 115.7944664194533,-31.66600187635293,0 115.794307471357,-31.66611888414712,0 115.7941868696735,-31.66619503644116,0 115.7939925046423,-31.66626958641015,0 115.7937966357642,-31.66633979765107,0 115.7935258563565,-31.666413603947,0 115.7933138177393,-31.66643910373788,0 115.7931025625587,-31.66645553695477,0 115.7930116642139,-31.66645993325049,0 115.7867545231291,-31.66645432302728,0 115.7866374794737,-31.66642516238361,0 115.7865351981118,-31.66638676281161,0 115.7864475621855,-31.66631943839444,0 115.7863850005555,-31.6662230860709,0 115.786344179459,-31.66611658308625,0 115.7863375532996,-31.66598374038441,0 
			
