MAPCENTER:-28.685079, 151.938694
STARTFINISH1:-28.684939, 151.938929,-28.684910, 151.939134
ZOOMLEVEL:17
KML:151.9380474667287,-28.68406200288057,0 151.9381129493455,-28.68402229916425,0 151.9381719317919,-28.68397795797669,0 151.9382109071004,-28.68393173403452,0 151.9382125618232,-28.68393028202898,0 151.9382604768073,-28.68384513224169,0 151.9383323519136,-28.68370177850486,0 151.9384016968181,-28.68356768209253,0 151.9384490080732,-28.6835055001722,0 151.9385009749181,-28.68348144279043,0 151.9385442222556,-28.6834718512315,0 151.938592964092,-28.68346225850653,0 151.93864890809,-28.68346412118229,0 151.9387045382379,-28.6834760191412,0 151.938764937659,-28.68350083285995,0 151.9387995138244,-28.6835396322058,0 151.9388237973444,-28.68361095640959,0 151.9388340644956,-28.6836700519851,0 151.9388528991563,-28.68377196631869,0 151.9391644476394,-28.68574733937242,0 151.9391630779043,-28.68578770372248,0 151.939137080809,-28.68583109452354,0 151.9391068147577,-28.68587157187451,0 151.9390668281354,-28.68591763954202,0 151.939028482732,-28.68594836763108,0 151.9389786779687,-28.68597644025557,0 151.9389155535237,-28.68599154319702,0 151.9388411208005,-28.68598795388966,0 151.9387782651185,-28.68598137631598,0 151.9387178063056,-28.68596224237336,0 151.9386544348175,-28.6859365996161,0 151.9385952731258,-28.68590215984701,0 151.9385602542775,-28.68587175808976,0 151.9385322491316,-28.68583667099819,0 151.9385012533768,-28.68579665895813,0 151.9384926553463,-28.68575622873347,0 151.9384862472489,-28.68570605473543,0 151.9384799586282,-28.68514129022546,0 151.938473010721,-28.68508651110849,0 151.9384492943429,-28.6850473792385,0 151.938419095045,-28.68499556418737,0 151.9383831064594,-28.6849569742527,0 151.9383504693733,-28.68493853410396,0 151.9383030280684,-28.68491954351408,0 151.9382233505907,-28.68490538204419,0 151.9381532410053,-28.68490679017125,0 151.9380896375887,-28.6849126963919,0 151.9380211417477,-28.68492741705735,0 151.9379729380369,-28.68493914699447,0 151.9379261453172,-28.68496248516375,0 151.9378937482259,-28.68498277302117,0 151.9377683406288,-28.68507958900593,0 151.9374657650166,-28.68532635142147,0 151.9374144961519,-28.68535120371451,0 151.9373268698888,-28.68538948668802,0 151.9372798479599,-28.68539286905091,0 151.9372270077904,-28.68539373698217,0 151.9371603304786,-28.68538178700272,0 151.9371051133799,-28.68535381164373,0 151.937063441243,-28.68532801003175,0 151.937019510251,-28.68528981806136,0 151.9369969545298,-28.68524506458478,0 151.9369900538509,-28.68521088470817,0 151.9369851300396,-28.68517623791319,0 151.9369798632102,-28.68513917629022,0 151.9369838552775,-28.68507924178968,0 151.9369983103118,-28.68504653917341,0 151.9370193699667,-28.68501335328949,0 151.9370767874578,-28.68492202137204,0 151.9373351823746,-28.68450510993077,0 151.9373713977331,-28.68447837542612,0 151.9374769994328,-28.68439444634126,0 151.9380474667287,-28.68406200288057,0 
			
