MAPCENTER:-33.431971, 116.244369
STARTFINISH1:-33.430061,116.243180,-33.430184, 116.243386
ZOOMLEVEL:16.25
KML:116.2428040441381,-33.43063351108616,0 116.2444495325667,-33.4288952032679,0 116.2444877284429,-33.42885365982522,0 116.244535129676,-33.42882322995955,0 116.2445791556445,-33.42880672806064,0 116.2446355288409,-33.42879591131997,0 116.2446851558023,-33.4288018863886,0 116.2447284169596,-33.42881061325782,0 116.2447801927416,-33.4288390048861,0 116.2448272617453,-33.4288957781544,0 116.2458053115874,-33.43043615730743,0 116.2458313878783,-33.43048693594704,0 116.2458515033212,-33.43053745738426,0 116.2458657796236,-33.43058542847,0 116.2458583224863,-33.43063766889471,0 116.2458296994796,-33.43068968301971,0 116.24576025049,-33.43075508296432,0 116.2456881253608,-33.43081587561977,0 116.2456161661286,-33.43087536519518,0 116.2455846345575,-33.43092764244714,0 116.2455798495307,-33.43099826659555,0 116.2456419581334,-33.43335469115065,0 116.2456423274585,-33.43346194969291,0 116.2456327525786,-33.43354226947905,0 116.2456063622359,-33.43362614171604,0 116.2455568514386,-33.4337376703721,0 116.2449862792896,-33.4348162176961,0 116.2449399494977,-33.43486590619476,0 116.2449092761066,-33.43489899484437,0 116.2448582181297,-33.43491531446793,0 116.2447814345391,-33.43491084701125,0 116.2446884844357,-33.43487725344172,0 116.2430700244437,-33.43424259036301,0 116.2430045534821,-33.4342015228434,0 116.2429535969821,-33.43415098012726,0 116.2429138768914,-33.4341006786576,0 116.2428912378058,-33.43405488694366,0 116.2428668361261,-33.43395770525238,0 116.2428783621657,-33.43327999478818,0 116.2429117389492,-33.43295226839203,0 116.2429404192965,-33.43277939296406,0 116.2429747513314,-33.43268251724103,0 116.243029643145,-33.43255470522762,0 116.2430878863166,-33.43244242901644,0 116.2431146571996,-33.43236457416363,0 116.2431277938157,-33.4322736823532,0 116.2431255148877,-33.43215687805933,0 116.2430913188088,-33.43203272560076,0 116.2430230513122,-33.43188886725785,0 116.2426833374042,-33.43141607155072,0 116.2426141577378,-33.43129621820965,0 116.2425641224534,-33.43122231285304,0 116.2425438032381,-33.43112685224085,0 116.2425399373606,-33.43100853443151,0 116.242569528607,-33.43088788077875,0 116.2426318685247,-33.43080163768089,0 116.2428040441381,-33.43063351108616,0
