MAPCENTER:-27.228108, 152.964956
STARTFINISH1:-27.228568, 152.964881,-27.228397, 152.964931
LINEDIRECTION1:2
ZOOMLEVEL:15.25
KML:152.9634453320963,-27.22812425156322,0 152.9676566537923,-27.22920329602526,0 152.9677868296208,-27.22923362173209,0 152.967852876128,-27.22925000606748,0 152.9679668671765,-27.22927503714495,0 152.968145390914,-27.22930287559163,0 152.9682778870059,-27.22931367468397,0 152.9684122011242,-27.2293140672359,0 152.9685346949568,-27.22930736420881,0 152.9686443142617,-27.22929173247471,0 152.9687593769831,-27.229265874918,0 152.9688399063984,-27.22924012057034,0 152.9689271406404,-27.22919772793864,0 152.9689986890526,-27.22915489200742,0 152.9690787251866,-27.22910196292888,0 152.9691697785262,-27.22901393213448,0 152.9692917786532,-27.22886003946515,0 152.9694938317149,-27.22851211405509,0 152.9696222418374,-27.22825563764836,0 152.9696739012655,-27.22815030907102,0 152.9697059109455,-27.22807578364377,0 152.9697293251949,-27.22800993220632,0 152.969752863656,-27.22794401762937,0 152.969776823573,-27.22787210485463,0 152.9698086961253,-27.22776135550379,0 152.9698072554199,-27.22764959892668,0 152.9697876760022,-27.22754135699999,0 152.9697677869398,-27.22746278066958,0 152.9697207837421,-27.22737729734293,0 152.9696717288155,-27.22731761454201,0 152.9696083585161,-27.22725852096021,0 152.9695261045549,-27.22720518197704,0 152.9694421047837,-27.22716209169339,0 152.9693431691954,-27.22713522986652,0 152.9692384980941,-27.227116524391,0 152.9691396060648,-27.22711487166885,0 152.969059502498,-27.22713527745847,0 152.9689768493428,-27.22716513147227,0 152.9688910675069,-27.22720735777793,0 152.9688228278963,-27.2272626883442,0 152.9687476454926,-27.22733262071175,0 152.9686756723962,-27.22743228461212,0 152.9684554278695,-27.22788873853547,0 152.9682924760729,-27.22818041738494,0 152.9681760492714,-27.22831842634064,0 152.9681057868386,-27.22838935503368,0 152.9680067123517,-27.22846968599866,0 152.9679032006392,-27.2285102220951,0 152.9678068415178,-27.22854906010942,0 152.96766783236,-27.22855347355666,0 152.9675295175826,-27.22854022580775,0 152.9671099257089,-27.22845526155436,0 152.9664211927575,-27.228296008877,0 152.9661633280538,-27.22821241913949,0 152.9658650835906,-27.2280429277992,0 152.964888210362,-27.22733148909369,0 152.9647699842351,-27.22727055030656,0 152.9645961969605,-27.22719572782406,0 152.9644651718268,-27.22715285103447,0 152.9642887872049,-27.22712923834041,0 152.9641291060328,-27.22711268390989,0 152.9638966388341,-27.22711904903363,0 152.9635954530317,-27.22715327052142,0 152.9633743458312,-27.22718316261757,0 152.9631956146839,-27.22723115569379,0 152.9629382321792,-27.2273280157799,0 152.9623244215796,-27.22757197201795,0 152.9621565174723,-27.22761235834562,0 152.9619728177158,-27.22764544841377,0 152.9618144240045,-27.22766158283232,0 152.9617166082351,-27.22765851449939,0 152.9616057908078,-27.22764968029385,0 152.9614046042053,-27.22762020124565,0 152.9606578639264,-27.22750819371943,0 152.9605206308253,-27.22749741188994,0 152.9603920711293,-27.22751035084411,0 152.960266194747,-27.22754475794607,0 152.9601424043449,-27.22762775061451,0 152.9600559028088,-27.22773423272195,0 152.9600042533284,-27.22786434762783,0 152.9599866385163,-27.22797505351294,0 152.9599825990809,-27.22809143073318,0 152.9600030270018,-27.22821179718774,0 152.9600529549588,-27.22832808771988,0 152.960098423258,-27.22840417593967,0 152.9601580376036,-27.22847818427273,0 152.9602347420994,-27.22852978682143,0 152.9603216468415,-27.22857026850508,0 152.9603970625628,-27.2285963036132,0 152.96049385928,-27.22860519985675,0 152.9606028364565,-27.22859939579613,0 152.962763140799,-27.22812978045418,0 152.9628808879949,-27.22810991494055,0 152.9629552119952,-27.22810373155897,0 152.9630180769504,-27.22810079675703,0 152.9631204343722,-27.22809747783043,0 152.9632731898369,-27.22810397919822,0 152.9634453320963,-27.22812425156322,0
