MAPCENTER:-28.2606,152.034
STARTFINISH1:-28.262010,152.036248,-28.262043,152.036460
ZOOMLEVEL:15.88
KML:152.0366205234081,-28.26081171964083,0 152.0363485786686,-28.2622570844389,0 152.0360027293963,-28.26406707080125,0 152.0359451626334,-28.26417557639296,0 152.0358464978777,-28.26424770219111,0 152.0353388700744,-28.26447966912202,0 152.0352329566738,-28.26449932277454,0 152.0351434321914,-28.26449767843653,0 152.0350458573168,-28.26447433006186,0 152.0349888858145,-28.26439427182855,0 152.0344944454029,-28.26366789734784,0 152.0343654523191,-28.26355130187604,0 152.0342106830805,-28.26342901932396,0 152.0340152901244,-28.26333540327231,0 152.0338114650608,-28.26327793114494,0 152.0335589938128,-28.26327775388517,0 152.0333622528924,-28.26330705579823,0 152.0331173751921,-28.2633861727409,0 152.0331091839906,-28.2633861908772,0 152.0329301792849,-28.26347934701701,0 152.0309290417971,-28.26438680314356,0 152.0307965988162,-28.26441636163964,0 152.0306552993386,-28.26438129874491,0 152.0305388581367,-28.26430995433789,0 152.0305055831921,-28.26420192673181,0 152.0305222427746,-28.26399974987958,0 152.0310043900091,-28.26319187221675,0 152.0311006263944,-28.26296139100216,0 152.0311735098024,-28.2627521564839,0 152.0312098740546,-28.26245669106067,0 152.0311975039764,-28.26226193018001,0 152.0311259948003,-28.26203797069182,0 152.030988970281,-28.26178448733607,0 152.0307299364745,-28.26129834195624,0 152.0307134650648,-28.26118224208226,0 152.0307711401528,-28.26108791355045,0 152.0308700180327,-28.2610008442931,0 152.0310027595463,-28.26095745151354,0 152.0311437432839,-28.26096485725646,0 152.0313012480115,-28.26102304248126,0 152.0322865178783,-28.26161066868053,0 152.0324797942961,-28.26169762253243,0 152.032588432094,-28.26171210669032,0 152.0327044534703,-28.26168320630223,0 152.0328447615962,-28.26156037618344,0 152.0330680532065,-28.26130770143307,0 152.0342107904764,-28.26004669090447,0 152.0344089301756,-28.25981956768948,0 152.0345017070322,-28.25969156313747,0 152.0345759266124,-28.25957507423634,0 152.0346855909011,-28.25934469084939,0 152.034759118347,-28.25908112032946,0 152.0348779250101,-28.25845020255614,0 152.0350201499745,-28.25766721261286,0 152.0350632138965,-28.25755991086927,0 152.0351214345875,-28.25744691447802,0 152.0352280012046,-28.2572780739676,0 152.0353742468895,-28.25710998783394,0 152.0355307459606,-28.25698273739812,0 152.0356425485198,-28.25690627709079,0 152.0358724014022,-28.25680831422756,0 152.0360553557921,-28.25674225289958,0 152.036460211881,-28.25663613349055,0 152.036758603469,-28.25657590259904,0 152.0371297036651,-28.25651727128489,0 152.0373125057534,-28.25649289368846,0 152.0374697707162,-28.25648148148162,0 152.0375961887783,-28.2565041712416,0 152.0377047491107,-28.25653971881935,0 152.0377774603402,-28.25659692605433,0 152.0378660076005,-28.25669101628108,0 152.037936456821,-28.25679594444025,0 152.0379487605524,-28.25692998539882,0 152.0379394522015,-28.25705908376328,0 152.0376672105002,-28.25860377675009,0 152.0376291908752,-28.2587093626241,0 152.0375598772817,-28.25883393524204,0 152.0374416279613,-28.25891383288899,0 152.0373544631345,-28.25895239316257,0 152.0372041955116,-28.25901292444644,0 152.0370766817623,-28.25908762939337,0 152.0369814981588,-28.25920945392027,0 152.0369004699235,-28.25937597039396,0 152.0368305467047,-28.25971114700967,0 152.0366205234081,-28.26081171964083,0 
