MAPCENTER:-28.2622,152.034
STARTFINISH1:-28.262010,152.036248,-28.262043,152.036460
ZOOMLEVEL:16.5
KML:152.0328065293733,-28.26353081225209,0 152.0326841303729,-28.26359176013868,0 152.0325981871366,-28.26362498437765,0 152.0325513870474,-28.26363458101859,0 152.0324733892936,-28.26361266728853,0 152.0324266386108,-28.263573689394,0 152.0323974352474,-28.26352775674015,0 152.0323683334194,-28.26343577821145,0 152.0323284127206,-28.26321222085338,0 152.0323211966205,-28.26307104248253,0 152.0323170465664,-28.262968801097,0 152.0323209363248,-28.26286791861209,0 152.0323307190862,-28.26273547229211,0 152.0323593682312,-28.26257323649968,0 152.032414654684,-28.26241444775097,0 152.0324829374904,-28.26229666528965,0 152.032552213437,-28.26216176471577,0 152.0326114584682,-28.26204727202941,0 152.0326626158152,-28.26191008775192,0 152.0326973735696,-28.26177173223772,0 152.0327345801244,-28.26167774381831,0 152.0328490943747,-28.26155515319916,0 152.0340710852485,-28.26019828639512,0 152.0341546970851,-28.26014712589279,0 152.034207199515,-28.26012115140302,0 152.0342454065381,-28.26011331902172,0 152.0343208671344,-28.26011959511099,0 152.0344067694907,-28.26011960092881,0 152.0344891938185,-28.26012253212462,0 152.0346176287713,-28.2601133614271,0 152.034719659689,-28.26009391653495,0 152.0348016366753,-28.26007113577818,0 152.0348774317871,-28.26004474345057,0 152.0349759562416,-28.2600069441541,0 152.0350261872067,-28.25999285068857,0 152.0350858144793,-28.25998660041727,0 152.0351411052682,-28.2599875515967,0 152.0352063304265,-28.26001769606841,0 152.0352710778866,-28.26007275235133,0 152.0354796132885,-28.26034471983171,0 152.0355324667066,-28.26042327284386,0 152.035593541795,-28.2604899326812,0 152.035636578915,-28.26050664396738,0 152.0357275596736,-28.26053528246281,0 152.0360680976223,-28.26056674701987,0 152.0361753566493,-28.26058043134542,0 152.0362368574843,-28.2605897202525,0 152.0363004529295,-28.26060413034512,0 152.0363500298112,-28.26062132213441,0 152.0364096379128,-28.26064572618161,0 152.036449322448,-28.26067549865495,0 152.0365003144029,-28.26072004137512,0 152.0365402503885,-28.26078191494164,0 152.0365627015973,-28.26083105374639,0 152.036576644546,-28.260899338938,0 152.036584610981,-28.26095235969909,0 152.0365831550014,-28.26101868248551,0 152.0360117294261,-28.26402563179959,0 152.0360038545875,-28.26407305291976,0 152.0359965283511,-28.26409747634252,0 152.0359794477945,-28.26412772915164,0 152.0359423419196,-28.26417349241928,0 152.0358824271569,-28.26422048467585,0 152.0357776714994,-28.26428002308523,0 152.0353487160384,-28.26447811801975,0 152.0353002901432,-28.26448755645633,0 152.0352480982565,-28.26449871503243,0 152.0352066680108,-28.26450109676635,0 152.0351657686928,-28.2644966316006,0 152.0351170364488,-28.26449229569289,0 152.0351131192918,-28.26449236030437,0 152.0350822361882,-28.26448258250138,0 152.0350802769019,-28.2644826154451,0 152.0350515670104,-28.26446413651626,0 152.034499642128,-28.26368369544727,0 152.0344292758435,-28.26360356355927,0 152.0343666086091,-28.263549670678,0 152.0342930276141,-28.26349804102835,0 152.0342014103451,-28.26342806619274,0 152.0341017693695,-28.26337778749297,0 152.033997359237,-28.26332343908405,0 152.0338715043209,-28.26328526521511,0 152.0337456832736,-28.26326469399586,0 152.0336317670526,-28.2632691200649,0 152.0334869648903,-28.26328166499025,0 152.0333579283231,-28.26330828471425,0 152.0331859044517,-28.26336632418907,0 152.0328065293733,-28.26353081225209,0 
