MAPCENTER:-28.2621,152.034
STARTFINISH1:-28.262010,152.036248,-28.262043,152.036460
ZOOMLEVEL:16.13
KML:152.0365848199107,-28.261033066371,0 152.0360081076782,-28.26405629798423,0 152.0359419326407,-28.26417570491262,0 152.0358226182947,-28.26426247672498,0 152.0353402188441,-28.26448114818138,0 152.0352337505195,-28.26450244678133,0 152.0351469679142,-28.26449853114379,0 152.0350850609794,-28.2644886539072,0 152.0350352822528,-28.26445079903128,0 152.0347988372737,-28.26410816593787,0 152.0344937051541,-28.26366892291318,0 152.0343831097626,-28.26357015232817,0 152.0342378640657,-28.26345103177213,0 152.0341299380169,-28.26339397264265,0 152.0340216229089,-28.26333339422261,0 152.0339032404348,-28.26330394678591,0 152.0337812275414,-28.26327388051994,0 152.0336657007553,-28.26327733720762,0 152.0335504592918,-28.26327661471016,0 152.0334556999595,-28.26328930639377,0 152.0331140523837,-28.26338693386328,0 152.030917916189,-28.26439147557685,0 152.0308289897818,-28.26440732002337,0 152.0307746217289,-28.26441025217792,0 152.0306925455283,-28.26439681837401,0 152.030571531933,-28.26434076220904,0 152.0305197886719,-28.26425842969261,0 152.0305010215958,-28.26412227707706,0 152.0305207584095,-28.26402170141566,0 152.0306564777549,-28.26377010487271,0 152.0309897957326,-28.26322034274981,0 152.0311654576857,-28.26276696373395,0 152.0312009471998,-28.26259232996347,0 152.0312085448037,-28.26245123728852,0 152.0312000766707,-28.26228368773839,0 152.031136397149,-28.26206712326496,0 152.0310465514314,-28.2618984796426,0 152.0307296871879,-28.26129209939123,0 152.0307197407731,-28.26118387199655,0 152.0307809414327,-28.26108354627369,0 152.0309222175221,-28.26097813883127,0 152.0310600607066,-28.2609593703639,0 152.0311513925818,-28.2609645024284,0 152.0312885738067,-28.2610178314923,0 152.0322838824736,-28.26160252006688,0 152.0324628429492,-28.26169708794526,0 152.0325742540338,-28.26171638926733,0 152.0327094791739,-28.261689182323,0 152.0328819103196,-28.26151766570687,0 152.0341183942882,-28.26015553204517,0 152.0342318614605,-28.2601088107433,0 152.0343615839422,-28.26011820307886,0 152.0344750829913,-28.26012297814895,0 152.034654023469,-28.26010605623876,0 152.0348174858711,-28.26006412251584,0 152.0349654529656,-28.26000708163708,0 152.0350545369706,-28.25998375329902,0 152.0351098778973,-28.2599844750887,0 152.0351718865942,-28.2599991356947,0 152.0352303120689,-28.26003895375028,0 152.0352968365449,-28.26010131617384,0 152.0355366302946,-28.26042051475192,0 152.0355790397805,-28.2604669982701,0 152.0356258858662,-28.2605008955855,0 152.0356769624522,-28.26052341858647,0 152.0357371209617,-28.26053067170555,0 152.0358543268116,-28.26054245736135,0 152.0359858717078,-28.26055675382563,0 152.0361603529479,-28.26057857430882,0 152.0363092538219,-28.26060901052733,0 152.0364208640444,-28.26065320059617,0 152.0364808659603,-28.2607059076859,0 152.0365346616747,-28.26076878416994,0 152.0365626722666,-28.26082871330411,0 152.0365792069284,-28.26089835510592,0 152.0365872393897,-28.26096946873618,0 152.0365848199107,-28.261033066371,0 
