MAPCENTER:-28.2623,152.036
STARTFINISH1:-28.262010,152.036248,-28.262043,152.036460
ZOOMLEVEL:16.63
KML:152.0360116370665,-28.2640430709008,0 152.0359622819689,-28.26416445185002,0 152.0358524369148,-28.26424659071281,0 152.0353345650617,-28.26448193369541,0 152.0352470515613,-28.26450235316089,0 152.0352018090072,-28.26450514019421,0 152.0351566515663,-28.26450193996861,0 152.0351068469624,-28.26448882507512,0 152.035054094069,-28.26445552922288,0 152.0349868891036,-28.26435772320458,0 152.034942655386,-28.26429530022145,0 152.0349410068548,-28.2642606322618,0 152.0349639809706,-28.2641978356492,0 152.03501217681,-28.26415132244329,0 152.0351264431708,-28.26407789307262,0 152.0354772686583,-28.26384941398132,0 152.0355745723067,-28.26376743774129,0 152.0356430725489,-28.26368393084247,0 152.0357019832161,-28.26357208220809,0 152.0357477945813,-28.26344231525281,0 152.035753846691,-28.26333752771774,0 152.0357420076392,-28.2632082314616,0 152.035720273474,-28.26312158325711,0 152.0356612003501,-28.26301743854615,0 152.0354835808093,-28.26279484659341,0 152.0348809592778,-28.26206881614145,0 152.0347940271998,-28.26193708578666,0 152.0347528322245,-28.26184043749359,0 152.0347106179066,-28.26173124662906,0 152.0346567884642,-28.26149841873803,0 152.0346378242041,-28.2613096044811,0 152.034640465731,-28.26119922741211,0 152.0346801382739,-28.26104875031837,0 152.0347615748338,-28.26092840235011,0 152.0347613846766,-28.26092413864244,0 152.0348617571593,-28.26079686163182,0 152.0349418095428,-28.26067222643471,0 152.0349957917095,-28.2605284823286,0 152.0349955307888,-28.26051947880812,0 152.0350193173989,-28.26039274972901,0 152.0350238947255,-28.26039281616314,0 152.0350578898399,-28.26028743829101,0 152.0350577755556,-28.26028280190089,0 152.035097440653,-28.26020007504265,0 152.0351522039017,-28.26015901521662,0 152.0352168297099,-28.26014134523356,0 152.035286476059,-28.26015179205281,0 152.0353422391939,-28.26018063630052,0 152.0353886344108,-28.2602277497697,0 152.0355123737486,-28.26039536103892,0 152.0355437886525,-28.26044104602312,0 152.0355721710847,-28.2604694574148,0 152.0356090665947,-28.26049392261964,0 152.0356507155732,-28.26051451791315,0 152.0357212341214,-28.26053756081888,0 152.0359400148301,-28.26055509923653,0 152.0361425997396,-28.2605783816625,0 152.0362217154289,-28.26058951580362,0 152.0362860468184,-28.26060269596296,0 152.0363337047075,-28.26061792214593,0 152.0364047766462,-28.26064481382479,0 152.0364533438558,-28.26067709949601,0 152.0364851617149,-28.26070768633202,0 152.0365181378067,-28.26074646817451,0 152.0365386346497,-28.26077318718857,0 152.036558092173,-28.26081798987442,0 152.036568795278,-28.26085404448727,0 152.0365790242856,-28.26089606817059,0 152.0365855223065,-28.26093906551975,0 152.0365843713986,-28.26096110702903,0 152.0365840868557,-28.26100129942202,0 152.0365789832318,-28.26103489974545,0 152.0360116370665,-28.2640430709008,0 
