MAPCENTER:-27.690381, 152.653035
STARTFINISH1:-27.690635, 152.654481,-27.690637, 152.654713
ZOOMLEVEL:16.13
KML:152.6546663936823,-27.68817815955661,0 152.6546023613647,-27.69307598567189,0 152.6545956810708,-27.69319034646951,0 152.6545748858675,-27.69331511878887,0 152.6545455365022,-27.69342245605731,0 152.654501862956,-27.69350138291302,0 152.6544033634306,-27.69363623297081,0 152.6542938127807,-27.69374818500661,0 152.6541606333443,-27.69384262122923,0 152.6540379548667,-27.69391257100874,0 152.6538731353846,-27.69395945324331,0 152.6520820689132,-27.69430380141253,0 152.6519365422652,-27.69431381482762,0 152.651786367313,-27.69430915978305,0 152.651678496505,-27.69428718498505,0 152.6515766794685,-27.69424945363328,0 152.6514601070443,-27.69419792861568,0 152.6513389221518,-27.69413163237294,0 152.6512549617413,-27.69407312092621,0 152.6511646708107,-27.69399037043015,0 152.6510952494616,-27.69391883148884,0 152.6510389855616,-27.69383821403051,0 152.6509842005712,-27.69376689928086,0 152.6509376587231,-27.69365803553526,0 152.6508998705095,-27.69352412991002,0 152.6508736112934,-27.69338586979047,0 152.6508816463796,-27.69324043470203,0 152.6509205005973,-27.69299755629797,0 152.6512894427767,-27.69102044611495,0 152.652020500242,-27.68715579035168,0 152.6520519004011,-27.68709047193051,0 152.652092041163,-27.68703509865892,0 152.6521434229604,-27.68699466017021,0 152.6522083865389,-27.68696200779506,0 152.6522739679277,-27.68695364266404,0 152.6523363422773,-27.68695731714839,0 152.6524216904939,-27.68697670050003,0 152.6525070267545,-27.68700834284476,0 152.6526137848341,-27.68705863650915,0 152.6527018514701,-27.68712745692211,0 152.652764105275,-27.68719961272699,0 152.6528207805727,-27.68728545224413,0 152.6528691247346,-27.68739194808602,0 152.6528873915997,-27.68749147018536,0 152.6528770852134,-27.68762329316266,0 152.652853639254,-27.68779869106694,0 152.6528487766309,-27.68791277836988,0 152.6528911833787,-27.68799262083908,0 152.6529469361614,-27.68807597158142,0 152.6529937374713,-27.68814169835299,0 152.6530322675931,-27.6881794550343,0 152.653078238216,-27.68822672080152,0 152.6531352609402,-27.68825595571347,0 152.65321311419,-27.68828117747424,0 152.6532990471219,-27.68830554831532,0 152.6533964957677,-27.68833018324334,0 152.6534765534819,-27.6883418580992,0 152.6535455593874,-27.68833531328825,0 152.6536153301983,-27.68831056251812,0 152.6536201931736,-27.68830848028413,0 152.6536809893797,-27.68826973604141,0 152.6537200012826,-27.6882015424157,0 152.6537402171456,-27.68812256401452,0 152.6537542617504,-27.68802164649364,0 152.6537839962204,-27.68792061505451,0 152.653855294027,-27.68784343808788,0 152.6539550040002,-27.68779409405067,0 152.6540606120102,-27.68777763751975,0 152.654157058639,-27.68778173242723,0 152.6542701423029,-27.68780320007755,0 152.654351801797,-27.68783019534709,0 152.6544338144281,-27.68788124369595,0 152.6545012106622,-27.68793565350695,0 152.6545580477695,-27.68800197060929,0 152.6546110037728,-27.68808243548594,0 152.6546663936823,-27.68817815955661,0
