MAPCENTER:-27.690381, 152.653035
STARTFINISH1:-27.690635, 152.654481,-27.690637, 152.654713
ZOOMLEVEL:16.13
KML:152.6546334624227,-27.69038873888867,0 152.6546061004358,-27.6931955889972,0 152.6545721541582,-27.69336892992298,0 152.6544577387166,-27.69357846450698,0 152.6543523643457,-27.69369685055427,0 152.6542020701447,-27.69381264988458,0 152.6540646583042,-27.69389879243136,0 152.6537568927297,-27.69398764877772,0 152.6531433419677,-27.69410049492685,0 152.6521116427305,-27.69430981856145,0 152.6519455232855,-27.69432856421647,0 152.6517437215934,-27.69430370528245,0 152.6516259303561,-27.6942858424228,0 152.6514493468831,-27.69421169008201,0 152.6513022006077,-27.69412990175485,0 152.6511829955348,-27.69402709972232,0 152.6510534683155,-27.69386889905508,0 152.6509672797354,-27.69374687416725,0 152.6508976995458,-27.6935662666499,0 152.6508792531505,-27.6934518468399,0 152.6508813551824,-27.69329054680811,0 152.6520052447044,-27.68721263375575,0 152.6520429844001,-27.68709065265941,0 152.6521191004038,-27.68700299870314,0 152.6521940691765,-27.68696727115902,0 152.6522620634598,-27.68695578715142,0 152.6523626001649,-27.68695524540452,0 152.6524671014228,-27.68698911669592,0 152.6525706855879,-27.68703669603168,0 152.6526729318118,-27.6870976140886,0 152.6527493628032,-27.68718549054,0 152.6528278166545,-27.68728462540079,0 152.6528695725185,-27.68739102159957,0 152.6528918784915,-27.68748602877324,0 152.6528835643334,-27.68757945371059,0 152.6524966167921,-27.68976170518028,0 152.6520635371556,-27.69192002009109,0 152.6520441898454,-27.69203310860654,0 152.6520420361624,-27.69210598267926,0 152.6520554377699,-27.69218314957406,0 152.6520799850414,-27.69227309484237,0 152.6521109444732,-27.69231330562361,0 152.6521793141985,-27.69237844972544,0 152.6522393381398,-27.69242304449096,0 152.6523268889421,-27.69246367853949,0 152.6524016651657,-27.6924793315314,0 152.6524895599501,-27.69248676909987,0 152.6525893909123,-27.69247529891089,0 152.6534013098607,-27.69224044330842,0 152.6534607794417,-27.69219400543926,0 152.6535098272504,-27.69215289818808,0 152.6535554026726,-27.69210237555859,0 152.6535951830407,-27.69203902875224,0 152.6536306590757,-27.69198080243419,0 152.6536671555916,-27.69188395209865,0 152.6536879706636,-27.69177171447816,0 152.6537188762499,-27.69088971688727,0 152.6537483629257,-27.68810040607005,0 152.6537527801603,-27.68803602620309,0 152.6537721558544,-27.68796826418422,0 152.6538021794337,-27.68790232584455,0 152.6538369540445,-27.6878593560166,0 152.6538988875178,-27.68782220688525,0 152.6539630158828,-27.68779406892403,0 152.6540116878787,-27.68777888395764,0 152.6540499031856,-27.68777489655897,0 152.6540938412623,-27.68777518358782,0 152.6541418905625,-27.68778114089683,0 152.6541796115347,-27.6877870191087,0 152.6542460757796,-27.68779868131184,0 152.6543032776118,-27.68781442747534,0 152.6543598794582,-27.68783425734388,0 152.6544173230864,-27.68787460296627,0 152.6544861329183,-27.68792026404916,0 152.6545464749719,-27.68798382806858,0 152.6546029236576,-27.68807088482025,0 152.6546562145342,-27.68815588105072,0 152.6546704516811,-27.6881949693436,0 152.654666375797,-27.68828135929324,0 152.6546334624227,-27.69038873888867,0
