MAPCENTER:-27.690381, 152.653035
STARTFINISH1:-27.690635, 152.654481,-27.690637, 152.654713
ZOOMLEVEL:16.13
KML:152.6546397222648,-27.6911205967201,0 152.6546116140653,-27.69322373673206,0 152.6545716916812,-27.69339690762728,0 152.6545078614484,-27.69352492950907,0 152.6543893774867,-27.69367263105651,0 152.6542285619578,-27.69381662345165,0 152.6540471287267,-27.69390433369765,0 152.653855233819,-27.693968477392,0 152.6520040470684,-27.6943279608231,0 152.651807827373,-27.69431394527827,0 152.6516015648721,-27.69427310127769,0 152.6513252554927,-27.69414044173868,0 152.6512176276963,-27.69404014645379,0 152.6510800348315,-27.69389391046748,0 152.6509606242498,-27.69373604423093,0 152.6509016759401,-27.69353525546707,0 152.6508850998394,-27.6933109874625,0 152.6512131890741,-27.69149383035653,0 152.6512924336013,-27.69139640322296,0 152.6514044882622,-27.69135086244034,0 152.6515753506507,-27.69135753813167,0 152.6517507340419,-27.69143005442315,0 152.6519091733228,-27.69154435852066,0 152.6520151007436,-27.69170898299718,0 152.6520501515614,-27.69188905695948,0 152.6520432949594,-27.69209681743493,0 152.6520860266295,-27.69227198925982,0 152.6522009458122,-27.69239671632028,0 152.6523451186762,-27.69246092016512,0 152.6525037827479,-27.69248514597461,0 152.6527700027286,-27.6924340885678,0 152.6534050617357,-27.69224395281112,0 152.653547619502,-27.69211074887324,0 152.6536422299471,-27.69195548718669,0 152.6536988985101,-27.69173701853128,0 152.6537055955357,-27.69148799053942,0 152.653749361864,-27.68817249681589,0 152.6537659402688,-27.68800849794031,0 152.6538139773699,-27.6878653154168,0 152.6539018357935,-27.68781994323402,0 152.6540331321382,-27.68778151514701,0 152.6541834640364,-27.68779026091358,0 152.6542958710334,-27.68779848252777,0 152.6544379144667,-27.68788700964401,0 152.654520022059,-27.68796759414694,0 152.6546515410128,-27.68815007752773,0 152.6546594926729,-27.68821312815916,0 152.6546658463833,-27.68828773510586,0 152.6546618724577,-27.6883498858568,0 152.6546397222648,-27.6911205967201,0
