MAPCENTER:-34.840764,149.686800
STARTFINISH1:-34.840111,149.685229,-34.840172,149.685433
ZOOMLEVEL:16.6
KML:149.6849996655639,-34.84107042383349,0 149.6856363832542,-34.83948672293818,0 149.6856914931131,-34.83943405365714,0 149.6857487863441,-34.83939823849489,0 149.6858064354869,-34.83936220121856,0 149.6858715538692,-34.83932658921233,0 149.6859580308782,-34.83929617438731,0 149.6860761862989,-34.83927548497849,0 149.6861454265445,-34.83927130241494,0 149.6862300411582,-34.83928609936932,0 149.6863093426072,-34.83931090126816,0 149.6863684304543,-34.83934772536971,0 149.6864202999653,-34.83940445370184,0 149.6864254739567,-34.83945988730513,0 149.6864033741877,-34.83952927589065,0 149.6863371047119,-34.83967683143781,0 149.6862397138086,-34.83989955262514,0 149.68617555256,-34.84007403955354,0 149.6861577532661,-34.84016963936557,0 149.6861681890173,-34.84023346317908,0 149.6862000177392,-34.84028667431198,0 149.6862722098462,-34.84033414823048,0 149.6863914502634,-34.84037372008014,0 149.6865308422735,-34.84044355039496,0 149.6866026032577,-34.84048137137841,0 149.6866585772945,-34.84052935167147,0 149.6866817992828,-34.84055986992018,0 149.6870204664197,-34.84126732889391,0 149.687040023965,-34.84132147859485,0 149.6870393349062,-34.84137089935718,0 149.687033375703,-34.84143189499603,0 149.6870145724812,-34.84149469062203,0 149.6869895424989,-34.8415692369281,0 149.6869157789241,-34.84167226291589,0 149.6868307319287,-34.84177834742865,0 149.6866934635912,-34.84191613028273,0 149.686598080604,-34.84199571916825,0 149.6864394549195,-34.8421336129395,0 149.6847019990911,-34.84341408636421,0 149.6846270136983,-34.84345833944874,0 149.6845715688244,-34.84348317550577,0 149.6844864795493,-34.8434993463489,0 149.6844292360613,-34.84349214048524,0 149.6843670396223,-34.84347574645714,0 149.684316113868,-34.84345155773838,0 149.6842815800546,-34.84342718658455,0 149.6842485806666,-34.84338859800177,0 149.6842212122871,-34.8433517425605,0 149.6842080379379,-34.84331932165583,0 149.6841925191403,-34.84325033171284,0 149.6841938231329,-34.8431847716374,0 149.6842103949088,-34.84310442330918,0 149.6844300868538,-34.84249089388923,0 149.6849996655639,-34.84107042383349,0
